discrimination@@[ 0.19624893  0.05704528 -0.22880539 -0.12417434  0.15781634  0.1721289
 -0.00119603  0.21900701  0.02729911 -0.2139111  -0.08744194 -0.08283968
  0.05741357  0.06366711 -0.0074683  -0.02204833 -0.09218523  0.13370903
 -0.08955554  0.24849916  0.11180559  0.02124192  0.05675962 -0.00777931
  0.06178437 -0.1016097  -0.02723    -0.07860383  0.08202036 -0.10042722
 -0.21431791 -0.01444882  0.21290503 -0.02132086 -0.03042183 -0.0894132
 -0.0592867  -0.16431235 -0.09641596  0.01246435 -0.06596022  0.27159604
  0.07872828 -0.18075425  0.03998391 -0.06363476 -0.16272114 -0.08062195
 -0.01764962  0.15003807  0.1678907  -0.00112006  0.21457835 -0.10870359
  0.14648649  0.2495403   0.14579573  0.04707437 -0.04148341 -0.23363719]
discourse@@[ 0.25626431  0.0722651  -0.17641407 -0.084568    0.10544355  0.18268818
 -0.02024696  0.19378978 -0.00104908 -0.21209925 -0.03140788 -0.13938534
 -0.01356357  0.01583414 -0.04585868  0.06755329 -0.07078189  0.2282377
 -0.07492156  0.18131866  0.11544526 -0.01543638  0.05966058 -0.016773
  0.04287281 -0.12943267 -0.02893128 -0.18738437  0.12433707 -0.11724798
 -0.1909523  -0.0778463   0.17295991  0.0099432   0.05791528 -0.14463463
 -0.08521208 -0.22381342  0.00410193  0.02138512 -0.05867287  0.24773991
  0.11706475 -0.13871179  0.0292346  -0.06204142 -0.11834457 -0.06779434
 -0.07599312  0.18109691  0.15302801  0.12091977  0.14334604 -0.10874206
  0.17846898  0.19005271  0.17517351  0.06553497 -0.01967714 -0.22604745]
under_vary_illumination@@[ 0.21592768  0.07649792 -0.19929932 -0.09944825  0.12758396  0.18836209
  0.01076069  0.21795596  0.00292105 -0.22674441 -0.07745869 -0.11100891
  0.02393922  0.04244605 -0.02315766  0.01392589 -0.09294362  0.18832155
 -0.07269358  0.23655017  0.11357059  0.02149704  0.08057357 -0.03047136
  0.03919387 -0.11504247 -0.02354141 -0.14297963  0.11147335 -0.08847005
 -0.20813979 -0.03330145  0.16992393  0.01165182  0.0102345  -0.11613571
 -0.07390865 -0.17383921 -0.04604824  0.01987436 -0.0626216   0.26761055
  0.09739648 -0.17704869  0.03406267 -0.04490633 -0.13972897 -0.05180607
 -0.06445524  0.15914606  0.15893559  0.05864531  0.18487215 -0.11599589
  0.15802083  0.23653702  0.17126206  0.05448859 -0.01419057 -0.23941079]
visual_slam@@[ 0.23015108  0.09690073 -0.15172396 -0.06460144  0.08325588  0.19853442
  0.02320312  0.2049224  -0.02552389 -0.23023056 -0.05982774 -0.13975386
 -0.02052113  0.01336771 -0.0421641   0.05820727 -0.08700329  0.2454925
 -0.04851782  0.20949706  0.11026874  0.01909685  0.10558807 -0.05588954
  0.00834465 -0.12499668 -0.01778418 -0.21679474  0.14096426 -0.07025076
 -0.18938116 -0.05655163  0.10850468  0.05010633  0.06004254 -0.14320657
 -0.08848307 -0.17758309  0.01865492  0.02839228 -0.0549472   0.24818787
  0.11801594 -0.16140419  0.02506028 -0.01957653 -0.10340438 -0.01378475
 -0.1187232   0.16346918  0.13951813  0.12964959  0.13736705 -0.11908959
  0.16427267  0.20647246  0.19313887  0.06203705  0.01929202 -0.23364593]
deal_with@@[ 0.24193258  0.10166448 -0.12025577 -0.04112338  0.05381004  0.19603456
  0.01977673  0.1854927  -0.04131906 -0.22154773 -0.03747207 -0.15779027
 -0.04788376 -0.00803784 -0.05498784  0.09293008 -0.07714388  0.27716126
 -0.03733342  0.17300555  0.10654805  0.00799249  0.10612087 -0.06174929
 -0.00299608 -0.13124503 -0.01653904 -0.25420108  0.15439071 -0.06836802
 -0.16993172 -0.07649536  0.07931907  0.06611627  0.09550548 -0.15858035
 -0.09759403 -0.18919932  0.06349883  0.03093456 -0.04916136  0.22642126
  0.12632813 -0.1404114   0.01854052 -0.0129269  -0.07904232 -0.00144969
 -0.14264431  0.16578697  0.12616755  0.17666607  0.10099203 -0.11581819
  0.16928752  0.17448116  0.19891771  0.06401025  0.03323189 -0.21906529]
feedforward@@[ 0.23609331  0.1081147  -0.08649687 -0.01717726  0.02391517  0.19429856
  0.02993504  0.16963885 -0.06143563 -0.21470492 -0.02923069 -0.16717942
 -0.06739569 -0.02404363 -0.06141072  0.1150324  -0.07468474  0.29914892
 -0.02107907  0.14908649  0.09934871  0.01076546  0.11784338 -0.07565353
 -0.02174343 -0.13163238 -0.01184947 -0.28084093  0.16695752 -0.05005455
 -0.15146228 -0.07977203  0.03550499  0.08947194  0.12076918 -0.16352283
 -0.10366316 -0.17629348  0.09968533  0.03473673 -0.04188801  0.20460053
  0.12932756 -0.12920986  0.01301615  0.00488446 -0.05508918  0.02316995
 -0.17093718  0.15685223  0.10874172  0.20943843  0.07013276 -0.11455567
  0.16417974  0.1532502   0.20283098  0.06196965  0.05574735 -0.20425793]
backbone_network@@[ 0.1906214   0.13095515 -0.00855955  0.03024564 -0.03964346  0.17853321
  0.06147889  0.12428784 -0.07371936 -0.19480327 -0.01886838 -0.16722437
 -0.11622967 -0.05137766 -0.07243067  0.13521802 -0.05299961  0.30984765
  0.02332407  0.10442523  0.07613741  0.00773512  0.14010498 -0.10589273
 -0.07366308 -0.11242957  0.0023261  -0.34551677  0.15785915  0.00288626
 -0.10015532 -0.09711458 -0.05834927  0.12230372  0.1555995  -0.16752122
 -0.10704251 -0.14443046  0.16331261  0.043197   -0.02506652  0.14247081
  0.13657549 -0.09723488 -0.00768929  0.05634173 -0.00047088  0.09262378
 -0.21852241  0.13587298  0.07067638  0.25642566  0.00266874 -0.09711893
  0.14088073  0.09026763  0.20894461  0.05987607  0.10117971 -0.16866375]
